55 10
0 33 15
0 36 15
0 19 15
0 29 8
0 45 5
0 17 17
0 25 9
0 23 1
0 6 19
0 22 11
0 8 13
1 16 8
1 35 18
1 3 9
1 11 20
1 17 6
1 49 17
1 2 1
1 12 4
1 54 7
1 5 6
1 33 2
2 23 8
2 47 1
2 30 13
2 1 14
2 46 19
2 27 6
2 54 9
2 50 9
2 53 2
2 37 18
2 43 9
3 50 12
3 21 11
3 37 20
3 34 15
3 17 9
3 52 15
3 48 7
3 7 20
3 12 6
3 36 12
3 11 7
4 10 8
4 47 20
4 26 6
4 3 5
4 35 7
4 53 8
4 38 20
4 54 9
4 16 1
4 45 19
4 40 3
5 54 20
5 39 1
5 46 6
5 24 8
5 15 1
5 32 11
5 0 1
5 9 5
5 37 3
5 43 4
5 6 18
6 43 1
6 10 19
6 35 3
6 7 20
6 13 16
6 39 7
6 32 20
6 14 10
6 38 19
6 48 12
6 1 13
7 16 19
7 45 8
7 19 20
7 27 14
7 13 14
7 36 16
7 54 14
7 9 17
7 43 11
7 31 1
7 20 19
8 33 2
8 16 1
8 41 5
8 28 11
8 10 12
8 38 9
8 9 20
8 51 1
8 34 1
8 26 19
8 37 20
9 5 3
9 30 8
9 47 8
9 54 13
9 51 16
9 20 4
9 24 4
9 25 9
9 28 18
9 32 3
9 18 7
10 40 17
10 41 11
10 28 15
10 49 13
10 32 17
10 14 6
10 6 13
10 35 11
10 46 20
10 31 5
10 13 16
11 52 13
11 36 1
11 47 12
11 40 15
11 32 12
11 8 15
11 31 20
11 34 8
11 44 4
11 6 8
11 21 12
12 49 12
12 48 8
12 54 1
12 52 2
12 5 19
12 28 19
12 35 6
12 11 7
12 30 8
12 41 18
12 16 10
13 10 2
13 25 19
13 11 8
13 37 5
13 5 13
13 29 6
13 4 15
13 50 2
13 47 19
13 35 17
13 0 16
14 4 7
14 25 5
14 50 19
14 47 4
14 34 1
14 5 1
14 2 1
14 37 2
14 11 8
14 39 20
14 52 11
15 29 7
15 2 9
15 33 16
15 13 20
15 31 10
15 26 14
15 19 9
15 44 16
15 34 17
15 1 10
15 23 6
16 35 10
16 2 7
16 1 6
16 36 3
16 52 13
16 46 1
16 29 8
16 26 19
16 28 6
16 39 2
16 43 13
17 4 5
17 41 19
17 10 20
17 14 20
17 37 16
17 0 18
17 27 20
17 1 14
17 23 16
17 40 19
17 7 18
18 2 10
18 0 1
18 21 3
18 41 9
18 16 6
18 15 9
18 13 10
18 9 5
18 7 11
18 23 7
18 19 5
19 35 3
19 53 16
19 36 15
19 42 16
19 10 14
19 11 19
19 4 14
19 12 10
19 8 1
19 47 4
19 33 8
20 17 7
20 14 15
20 1 3
20 0 11
20 45 15
20 32 13
20 36 7
20 35 1
20 12 6
20 5 6
20 10 13
21 11 4
21 54 13
21 10 20
21 45 3
21 22 17
21 19 1
21 24 2
21 33 10
21 38 12
21 9 5
21 26 4
22 46 5
22 8 8
22 49 16
22 48 4
22 51 11
22 37 1
22 5 5
22 7 15
22 26 20
22 15 20
22 39 3
23 10 14
23 54 9
23 3 16
23 5 13
23 1 3
23 51 14
23 26 13
23 25 20
23 37 3
23 22 9
23 40 10
24 26 13
24 27 9
24 16 14
24 9 15
24 36 15
24 5 15
24 15 4
24 44 2
24 32 6
24 42 13
24 7 13
25 37 1
25 5 19
25 15 2
25 46 16
25 36 8
25 22 8
25 9 18
25 50 1
25 10 1
25 12 16
25 18 13
26 51 3
26 0 15
26 1 2
26 47 16
26 23 5
26 3 19
26 27 7
26 28 16
26 12 2
26 52 12
26 45 4
27 45 15
27 51 5
27 18 10
27 20 19
27 50 5
27 9 8
27 29 19
27 26 20
27 46 8
27 47 14
27 37 17
28 12 5
28 40 19
28 26 17
28 45 8
28 29 17
28 33 19
28 27 10
28 49 12
28 48 14
28 1 20
28 3 2
29 54 9
29 23 9
29 33 9
29 32 18
29 9 2
29 48 8
29 14 9
29 10 6
29 37 11
29 52 18
29 39 5
30 20 20
30 2 7
30 38 16
30 32 3
30 51 18
30 52 6
30 45 9
30 5 12
30 34 13
30 42 14
30 43 15
31 38 13
31 10 14
31 53 7
31 15 20
31 30 12
31 22 13
31 36 4
31 20 19
31 27 2
31 50 10
31 40 18
32 2 11
32 22 17
32 23 17
32 15 8
32 8 16
32 30 14
32 26 7
32 44 20
32 50 11
32 18 9
32 27 1
33 38 16
33 2 13
33 28 20
33 27 11
33 53 2
33 7 18
33 22 11
33 21 7
33 13 5
33 39 8
33 35 15
34 4 6
34 16 18
34 35 12
34 32 3
34 20 1
34 7 11
34 21 14
34 45 17
34 33 10
34 43 13
34 13 13
35 48 19
35 7 14
35 45 5
35 44 16
35 10 4
35 34 1
35 46 7
35 6 6
35 54 6
35 28 14
35 36 10
36 32 9
36 18 12
36 28 6
36 23 8
36 2 5
36 21 7
36 52 2
36 29 14
36 6 13
36 11 14
36 26 5
37 6 13
37 11 20
37 51 14
37 53 18
37 31 12
37 45 3
37 8 9
37 4 4
37 28 7
37 16 14
37 32 19
38 25 3
38 53 7
38 27 12
38 18 16
38 19 13
38 11 13
38 0 3
38 35 9
38 23 13
38 6 18
38 12 4
39 27 6
39 49 7
39 41 11
39 21 18
39 50 19
39 51 12
39 38 18
39 24 18
39 23 19
39 19 14
39 43 2
40 6 1
40 50 10
40 24 3
40 51 19
40 11 11
40 9 18
40 7 2
40 4 8
40 32 9
40 25 16
40 23 19
41 22 7
41 54 8
41 32 14
41 49 13
41 16 16
41 21 1
41 11 7
41 48 10
41 52 1
41 15 3
41 36 6
42 52 20
42 6 5
42 46 12
42 32 9
42 25 12
42 8 3
42 41 15
42 22 7
42 47 13
42 10 3
42 23 14
43 53 3
43 41 4
43 37 1
43 16 15
43 13 12
43 54 5
43 19 13
43 4 5
43 51 7
43 36 8
43 48 8
44 27 14
44 54 2
44 30 11
44 36 3
44 18 16
44 10 16
44 11 2
44 31 13
44 35 3
44 14 5
44 3 7
45 5 14
45 25 18
45 33 6
45 4 12
45 46 2
45 19 19
45 7 17
45 26 19
45 28 20
45 51 20
45 13 5
46 13 20
46 18 10
46 2 16
46 30 4
46 47 16
46 44 11
46 12 15
46 15 15
46 11 12
46 1 16
46 52 4
47 54 11
47 43 8
47 12 13
47 40 1
47 44 20
47 53 11
47 0 4
47 21 11
47 48 17
47 51 10
47 34 20
48 45 4
48 7 14
48 28 13
48 8 7
48 31 19
48 10 3
48 17 17
48 41 9
48 47 11
48 27 12
48 42 13
49 2 13
49 1 2
49 12 16
49 37 15
49 34 7
49 20 10
49 33 16
49 21 18
49 10 18
49 7 20
49 39 3
50 29 9
50 37 12
50 9 17
50 13 15
50 17 15
50 54 2
50 40 11
50 8 19
50 20 10
50 32 12
50 19 8
51 2 12
51 37 6
51 26 15
51 41 2
51 21 13
51 40 3
51 11 4
51 52 20
51 22 19
51 19 17
51 7 5
52 54 18
52 48 7
52 15 15
52 6 3
52 53 4
52 8 14
52 49 2
52 26 6
52 39 1
52 32 11
52 16 4
53 5 2
53 46 10
53 49 20
53 44 18
53 16 18
53 12 5
53 13 1
53 26 14
53 42 20
53 21 7
53 38 7
54 49 10
54 18 17
54 41 2
54 45 14
54 28 4
54 2 3
54 51 8
54 6 15
54 47 15
54 22 9
54 37 4
