TABLICA
3.9467e-05  4.1071e-05  4.2734e-05  4.445e-05  4.6189e-05  
5.0823e-05  5.7648e-05  6.8211e-05  7.8408e-05  8.7759e-05  
9.7655e-05  0.000117673  0.000142961  0.000170511  0.000198972  
0.000220319  0.000261095  0.00031671  0.000376279  0.000441139  
0.000478362  0.000545839  0.000638828  0.000751583  0.000866769  

LISTA
4.5865e-05  4.7436e-05  4.9152e-05  5.1102e-05  5.3032e-05  
5.6927e-05  6.4486e-05  0.000101065  0.00011192  0.000122601  
0.000135289  0.000157678  0.000184886  0.000214904  0.00024734  
0.000268964  0.000311778  0.000369484  0.000432718  0.000504739  
0.000542494  0.00061401  0.000715842  0.00084446  0.000971752  

TABLICA
2.0772e-05  2.2441e-05  2.4062e-05  2.5752e-05  2.7359e-05  
8.1557e-05  0.000143464  0.000229401  0.000306784  0.000387284  
0.000483336  0.000676663  0.000959675  0.00129596  0.0016537  
0.00191242  0.00250922  0.00343282  0.00453293  0.00572876  
0.00631067  0.00770106  0.00993968  0.01277  0.0158531  

LISTA
1.9496e-05  2.0947e-05  2.2705e-05  2.4625e-05  2.6294e-05  
6.1799e-05  0.000134136  0.00024787  0.000351502  0.000452751  
0.000550587  0.000747186  0.00103794  0.00138841  0.00175054  
0.00199821  0.00257956  0.00348416  0.00456408  0.00575497  
0.0063052  0.00766665  0.00987891  0.0126502  0.0157126  

