TABLICA
0.000284963  0.00045652  0.000602198  0.000992332  0.00173353  
0.00213538  0.0023027  0.00243647  0.00255351  0.00266908  
0.00274365  0.00284715  0.00299953  0.00320437  0.00338026  
0.00348053  0.00363041  0.00387782  0.00420631  0.00464399  
0.00480557  0.00507493  0.00547819  0.00608016  0.00685877  

LISTA
0.000270447  0.000436281  0.00061086  0.000894015  0.00148623  
0.00182285  0.00197574  0.00208594  0.00219881  0.00230063  
0.00235828  0.00248046  0.00260591  0.00279054  0.0030221  
0.00311893  0.00327891  0.00353509  0.00386208  0.00425319  
0.00442163  0.00470468  0.00512707  0.00574559  0.00657088  

TABLICA
0.000186178  0.000339458  0.00050758  0.000685678  0.00085431  
0.00101293  0.00118644  0.00132443  0.00142641  0.00151399  
0.00156856  0.00168188  0.00179558  0.00196689  0.00219273  
0.00228411  0.0024765  0.00271565  0.00303642  0.00343476  
0.00357236  0.00384056  0.0042464  0.00483805  0.005573  

LISTA
0.000205536  0.000375266  0.000515975  0.000700962  0.000842724  
0.000991679  0.00114754  0.00126444  0.00136411  0.00149181  
0.00155755  0.00172681  0.00189444  0.00209482  0.00233877  
0.00243707  0.00262004  0.00285  0.00315579  0.00354185  
0.00366919  0.00392588  0.00434898  0.00495807  0.00567846  

