TABLICA
2.241e-06  5.791e-06  9.97e-06  1.4556e-05  1.8867e-05  
2.9086e-05  5.0566e-05  8.1613e-05  0.00011556  0.00015291  
0.000186274  0.000247641  0.000336349  0.000441545  0.000551734  
0.00061679  0.000758831  0.000969096  0.00122278  0.00149375  
0.00161962  0.00190261  0.00233591  0.00287694  0.0034429  

LISTA
2.744e-06  6.571e-06  1.1829e-05  1.7759e-05  2.3149e-05  
3.373e-05  5.6109e-05  8.8984e-05  0.000127398  0.000165532  
0.000199275  0.000262123  0.000354359  0.000468535  0.000585114  
0.000650334  0.000798463  0.00102264  0.00128925  0.00157731  
0.00170957  0.00199997  0.00244735  0.00301034  0.00360768  

TABLICA
2.185e-06  5.53e-06  9.793e-06  1.4393e-05  1.8963e-05  
2.906e-05  4.9217e-05  7.7359e-05  0.000111947  0.000147912  
0.000178075  0.000252568  0.000353954  0.000468895  0.000585377  
0.000658485  0.000826555  0.00106054  0.00133046  0.00160942  
0.00174266  0.00204774  0.00251469  0.00308269  0.00365476  

LISTA
2.197e-06  6.288e-06  1.1352e-05  1.6441e-05  2.1694e-05  
3.33e-05  5.6062e-05  8.7088e-05  0.000128577  0.000170852  
0.000202306  0.000287256  0.000400186  0.000536974  0.000665694  
0.000746523  0.000921182  0.00115623  0.00143903  0.00172503  
0.00186003  0.00217  0.0026439  0.00320075  0.00377207  

